image_width: 640
image_height: 480
camera_matrix:
  rows: 3
  cols: 3
  data: [1014.7925014784879, 0.0, 281.04252516399515, 0.0, 1014.1572408236585, 203.97803031977293, 0.0, 0.0, 1.0]
distortion_coefficients:
  rows: 1
  cols: 5
  data: [-0.4128369031684856, 0.24726460848058, -0.005842156642684147, -0.0012065466227169346, 0.0]
rectification_matrix:
  rows: 3
  cols: 3
  data: [1.000000, 0.000000, 0.000000, 0.000000, 1.000000, 0.000000, 0.000000, 0.000000, 1.000000]
projection_matrix:
  rows: 3
  cols: 4
  data: [970.2051872417359, 0.0, 277.28157450994206, 0.0, 0.0, 986.7427736234416, 201.21839647830834, 0.0, 0.0, 0.0, 1.0, 0.0]