image_width: 2048
image_height: 1536
camera_matrix:
  rows: 3
  cols: 3
  data: [1476.618608086257, 0.0, 974.2917823473314, 0.0, 1478.3981140418584, 697.7246007556945, 0.0, 0.0, 1.0]
distortion_coefficients:
  rows: 1
  cols: 5
  data: [-0.32658244076013093, 0.1042960797739518, 0.0002708722265169234, 0.0003174138745978604, 0.0]
rectification_matrix:
  rows: 3
  cols: 3
  data: [1.000000, 0.000000, 0.000000, 0.000000, 1.000000, 0.000000, 0.000000, 0.000000, 1.000000]
projection_matrix:
  rows: 3
  cols: 4
  data: [1208.6671498578025, 0.0, 954.1015095726077, 0.0, 0.0, 1330.7368582477563, 682.1757653516145, 0.0, 0.0, 0.0, 1.0, 0.0]
