image_width: 2048
image_height: 1536
camera_matrix:
  rows: 3
  cols: 3
  data: [1481.2212024284247, 0.0, 1083.8156834916288, 0.0, 1481.9738077476557, 703.1668444644829, 0.0, 0.0, 1.0]
distortion_coefficients:
  rows: 1
  cols: 5
  data: [-0.31815756242199617, 0.09498378834996922, -0.0013590337577132463, 0.0008976403354114906, 0.0]
rectification_matrix:
  rows: 3
  cols: 3
  data: [1.000000, 0.000000, 0.000000, 0.000000, 1.000000, 0.000000, 0.000000, 0.000000, 1.000000]
projection_matrix:
  rows: 3
  cols: 4
  data: [1213.8746579628812, 0.0, 1115.0797720077928, 0.0, 0.0, 1336.7438051679537, 686.2460777496992, 0.0, 0.0, 0.0, 1.0, 0.0]
